Id,SalePrice
1461,116484.5229876726
1462,152224.21611758904
1463,177528.97262275955
1464,195907.93728764725
1465,201934.12167129244
1466,168667.1084709869
1467,174424.04420025792
1468,164530.50955289128
1469,183873.2442311526
1470,122494.1245600221
1471,168183.7978102169
1472,100069.81284602746
1473,97531.93630307956
1474,145049.02059846418
1475,117584.1001168233
1476,341534.1889762068
1477,252937.16810189345
1478,332445.67032106273
1479,345167.74459136714
1480,491014.83388670423
1481,326196.2731846343
1482,232397.6200797899
1483,170348.48644565308
1484,170230.15298215376
1485,199953.4883831376
1486,186384.98887580782
1487,336274.7998370482
1488,219000.634185838
1489,188642.3601154597
1490,229026.39335306903
1491,193465.50389695427
1492,87557.84715790898
1493,184079.00746453388
1494,284303.1721068546
1495,282763.6391857417
1496,238832.26004158714
1497,173990.7539176542
1498,206288.57522835743
1499,174522.92812731655
1500,161142.5081972229
1501,167019.47709388318
1502,151281.9046934737
1503,233926.8641833947
1504,242576.75005237802
1505,223882.02344708424
1506,184112.5344839954
1507,227930.60509180222
1508,200618.02042000424
1509,167427.165101501
1510,145468.51778262111
1511,162079.8656024723
1512,160390.8753477069
1513,148654.6430337763
1514,145600.28241145535
1515,195421.07173553391
1516,151186.5533324899
1517,155756.54750462598
1518,129094.34549466931
1519,194254.37383595647
1520,127681.00178856579
1521,125173.75769887511
1522,167920.9406982801
1523,113603.78126448666
1524,121758.16995362195
1525,120292.75286845776
1526,117586.62136570424
1527,106501.01752569049
1528,125446.29168198445
1529,158721.34867628757
1530,190294.10128230104
1531,126470.7840105814
1532,91618.29613187013
1533,137774.88777153846
1534,100714.49228786456
1535,134552.95209461136
1536,104871.90968761197
1537,77883.47953686977
1538,134884.269351714
1539,207521.28158348362
1540,83573.41819979476
1541,153072.53176880695
1542,129442.97078788462
1543,189439.9256410448
1544,86884.54017433207
1545,120768.63558100871
1546,151771.63709211763
1547,147952.39340655375
1548,142531.54152802238
1549,127185.06751742
1550,147148.91920919216
1551,96667.81079832671
1552,135414.02005520297
1553,130850.64083031846
1554,123510.06870226939
1555,155758.41788628304
1556,88675.72844080192
1557,98976.76633590183
1558,101867.70871046075
1559,75299.71617239622
1560,134601.14664115058
1561,96830.16038164996
1562,135551.55592029417
1563,117698.92885143595
1564,161081.66573954848
1565,150584.46732589777
1566,242130.17833150193
1567,79319.58085495202
1568,248223.91860919754
1569,130516.70997898674
1570,146830.3418077387
1571,103742.09040202622
1572,130441.16216966504
1573,213152.5224192037
1574,110578.70166490442
1575,231100.97984119123
1576,219977.0562094729
1577,191263.02860462546
1578,153839.90402257856
1579,143439.74812739066
1580,201579.65068277283
1581,157493.67304138106
1582,137118.5666920551
1583,283717.949373115
1584,213808.64112675088
1585,139396.37445916896
1586,78448.22962247136
1587,122735.71171990466
1588,149968.90177381915
1589,94004.50481125426
1590,129512.1690531039
1591,93268.08459948174
1592,107274.0134136013
1593,123640.2473939284
1594,144514.6802466905
1595,142267.33762079658
1596,216553.26726614236
1597,213997.4336177177
1598,226824.28734135887
1599,168224.9042423599
1600,164832.7538644888
1601,71945.86393813422
1602,115841.94967353155
1603,58366.90854592128
1604,255348.23391468608
1605,230399.11622933642
1606,164897.38054102074
1607,168186.65299519247
1608,227996.3916757568
1609,180157.26236307446
1610,153432.9889704585
1611,129746.96011398577
1612,170627.41642624664
1613,159170.2410906598
1614,119864.88085061895
1615,87576.79425563384
1616,75796.54739815934
1617,91794.96103930121
1618,154889.41711530005
1619,143961.64647914024
1620,156048.2696152053
1621,132762.53545948246
1622,142634.8017947687
1623,256720.43152825438
1624,193758.72900499948
1625,118136.76828026153
1626,162017.39528640345
1627,187339.28740686178
1628,284072.59316694806
1629,199255.29634201195
1630,344214.9517516306
1631,228094.7546528927
1632,243110.311324833
1633,194761.64105589702
1634,190068.0383011393
1635,177189.39174014106
1636,162698.38861192265
1637,180822.94547451366
1638,190165.85812373357
1639,183200.5908211194
1640,244839.98259660404
1641,181806.08517865816
1642,262604.7265455772
1643,241953.18316282483
1644,258970.8060371193
1645,187455.5593921552
1646,168498.4151661416
1647,159532.18284301186
1648,131758.73399383447
1649,142962.51680002615
1650,117199.10311152336
1651,127964.99580868596
1652,98906.4451567034
1653,103595.98319048499
1654,149349.9736119432
1655,146924.6312516116
1656,144771.14659333922
1657,152477.53897394336
1658,153697.27462290283
1659,132871.38123353786
1660,161073.88747058503
1661,416697.9150724611
1662,404772.9674592822
1663,364384.9899591567
1664,439363.8194693774
1665,307608.8089163968
1666,307908.3776967893
1667,372766.8881759467
1668,348235.11733742664
1669,327920.7270756049
1670,339549.10524296784
1671,260114.75472280476
1672,411629.9158878425
1673,301857.3118211584
1674,252184.26903787474
1675,208495.4302752745
1676,199266.14002640365
1677,214749.55863331756
1678,457193.4811728227
1679,410252.79490092146
1680,306233.27854827733
1681,251542.46197238777
1682,328839.91004643874
1683,203847.27212586923
1684,185418.6948459709
1685,177601.9948164472
1686,179706.96387156448
1687,180013.2707353318
1688,184923.66966925605
1689,189260.56212704294
1690,196638.5598294206
1691,190650.97275953146
1692,264660.14894242206
1693,197609.67524702317
1694,188604.4977590976
1695,184062.51863346092
1696,287154.1373058041
1697,188858.89950566646
1698,335693.9995628302
1699,316601.49538894236
1700,252484.48915766555
1701,267570.5796544522
1702,228363.7982712187
1703,243728.4387906024
1704,265492.60394224816
1705,249905.18394409138
1706,352516.2930089347
1707,211770.2516671807
1708,201200.3375769674
1709,252284.39121822335
1710,235659.59475450712
1711,281166.96974577237
1712,256549.6834880868
1713,274770.11668450554
1714,218756.00931275406
1715,211711.3153295038
1716,186700.91838878393
1717,188206.6908681926
1718,139171.68598108235
1719,202946.70973368283
1720,239660.828713943
1721,151736.10513771875
1722,119033.6609229913
1723,148590.61767078366
1724,204646.79632296204
1725,253909.68388065312
1726,190737.1183515706
1727,152834.36923324602
1728,162877.5269851683
1729,182711.40988152346
1730,153061.40091141927
1731,116074.03865875518
1732,131155.94324325531
1733,113608.78419356098
1734,132159.1910768148
1735,122700.45944906799
1736,112420.60954929687
1737,305984.8598195526
1738,266297.92315424926
1739,264223.0474243973
1740,212541.81814861074
1741,192543.65785866635
1742,167161.33276959317
1743,172159.19940594584
1744,350014.72300350555
1745,212714.26559963293
1746,212007.5678253887
1747,218254.6769207249
1748,230560.19721985285
1749,146511.59294466785
1750,116165.60167732068
1751,240576.40947123858
1752,121008.29282121304
1753,144141.83680133868
1754,187093.38979659064
1755,159860.11632226934
1756,128537.50302098569
1757,127492.92444447581
1758,149861.61343332377
1759,165372.26615943617
1760,160728.70992366088
1761,129285.66062948668
1762,188073.56692288083
1763,173953.94004638222
1764,122592.65033984909
1765,127369.09606603185
1766,179089.24193120378
1767,189496.8779474602
1768,136562.47323310663
1769,172232.06204962154
1770,150330.3755033634
1771,126157.13329657239
1772,131675.51580606506
1773,122467.07355244378
1774,147491.14637533348
1775,148446.96543014047
1776,135625.30948343576
1777,103616.36620713263
1778,137642.82934110097
1779,133706.4489452122
1780,169856.94910381277
1781,130320.72818290768
1782,93582.60781216914
1783,136636.5560312427
1784,108782.65430293742
1785,116658.92128851979
1786,156219.75749147433
1787,167930.14673712707
1788,60182.81520960806
1789,96515.30162113819
1790,89598.68032592686
1791,207862.35362714046
1792,145768.61871616638
1793,124817.27755397896
1794,158805.89660157726
1795,136323.10950838836
1796,149968.2405471466
1797,106758.03005642585
1798,131010.56998160799
1799,116479.97984656629
1800,135430.62489504903
1801,129026.3872829768
1802,135363.2745639953
1803,144767.98148883093
1804,143789.3341426443
1805,135099.42514385178
1806,119811.35271018358
1807,126267.1776734085
1808,119988.10348476637
1809,117684.42213734066
1810,148240.7343556549
1811,71573.46711489782
1812,92950.3361385884
1813,146130.22522612644
1814,107266.00501543224
1815,57938.60273995583
1816,95620.00092423355
1817,114495.4247963991
1818,164453.28589007256
1819,133299.08367125294
1820,43053.837004344685
1821,108338.58558340283
1822,161347.07042383862
1823,36068.44440989039
1824,116068.03620446166
1825,143642.7307385407
1826,115757.59746930817
1827,99722.44896415525
1828,126772.86840407412
1829,116109.54851889683
1830,145332.80192363836
1831,143722.56501630088
1832,110128.00914009333
1833,138418.0191125295
1834,118816.056759126
1835,117566.0990676875
1836,116991.10114741695
1837,90391.05511534019
1838,141528.073267674
1839,121955.9051000774
1840,142876.0831880956
1841,122775.59310529797
1842,89065.27147100004
1843,128742.57583109355
1844,159303.69948767495
1845,143442.49162272722
1846,155091.34389815078
1847,178408.48599091964
1848,83690.3770869528
1849,105130.38328897448
1850,118779.23220580585
1851,139657.36735183216
1852,124355.11690896294
1853,127516.98604515071
1854,164062.43527818704
1855,168648.94022563053
1856,221570.51222242726
1857,131496.60968609262
1858,138230.16194347388
1859,120418.17221102738
1860,150150.3904414074
1861,119894.91926449443
1862,378911.33682227327
1863,356474.3635871056
1864,356505.9988836557
1865,317278.6331902132
1866,317865.23143210274
1867,220069.48097902074
1868,265034.29558878695
1869,202749.17306019957
1870,216094.15093282962
1871,272937.7467094353
1872,175991.01664194596
1873,242603.17632082943
1874,156180.82002404382
1875,200341.8692262418
1876,201073.27628235586
1877,199764.32903721443
1878,208913.47374032557
1879,140269.25696054028
1880,135072.50543527683
1881,228122.12312629938
1882,229624.47215002248
1883,183805.36904004775
1884,193742.06802759867
1885,210586.04067704384
1886,267188.7202576634
1887,209873.29614057165
1888,247121.0657953027
1889,171019.81433816344
1890,101701.65427879833
1891,128269.3831694145
1892,104801.51098570607
1893,135175.3875665488
1894,123079.01863174375
1895,135521.94347365407
1896,127917.2629753714
1897,126012.4141006131
1898,116637.82520677062
1899,152827.05379374657
1900,143543.94831116396
1901,190551.37474821138
1902,146808.0138067478
1903,264650.7377002105
1904,158026.43665818905
1905,180903.89583683523
1906,127859.38023513308
1907,193419.68575182362
1908,105072.84588957486
1909,135473.13930486818
1910,119038.98138811676
1911,229790.86296207504
1912,341284.93943546835
1913,135363.66304615402
1914,52903.4207562216
1915,288524.29501385754
1916,66169.21013495872
1917,232270.21499939373
1918,137797.39841899477
1919,163030.87970138277
1920,145382.91397409793
1921,351618.13266147574
1922,315366.38033992413
1923,242357.84019524764
1924,233913.1965141915
1925,191752.86281442596
1926,344755.223671841
1927,131413.82635274192
1928,156612.15420746035
1929,122921.47210020173
1930,132187.0633215587
1931,132402.25536620506
1932,128666.0106836182
1933,213102.1349969913
1934,181847.6252661705
1935,177575.40207233437
1936,194223.39799105425
1937,185414.15481136527
1938,167908.18235801518
1939,272764.57363700564
1940,194552.73748605087
1941,170013.40484651254
1942,167171.68190960924
1943,235212.80711177728
1944,435073.5614386106
1945,410004.76103444106
1946,190816.42191912176
1947,281853.47595197294
1948,174903.7491960067
1949,226044.13578051366
1950,185201.3423866059
1951,229432.7654606859
1952,191898.66891928363
1953,161573.87827808465
1954,184578.10400967457
1955,130484.13163527085
1956,322377.91159809224
1957,147767.556026982
1958,248060.0013185689
1959,151005.0148533788
1960,114988.65627355479
1961,132884.38568752218
1962,95105.18386143801
1963,99476.4535910926
1964,107154.78890269293
1965,150046.87274807435
1966,147005.50111475607
1967,290877.51736784173
1968,432614.1564455839
1969,369567.8811771055
1970,407824.35139342694
1971,482261.20947013015
1972,375705.3418694029
1973,299604.4928620306
1974,352780.2968673643
1975,455551.99726694904
1976,283175.3876931952
1977,362199.89889544924
1978,352091.2660677865
1979,310493.07813608245
1980,195354.4022898199
1981,312892.9187306457
1982,230661.56555984434
1983,230343.13653169354
1984,165558.04904996272
1985,212562.7310242468
1986,197856.4742724798
1987,187055.14733271586
1988,173887.03396356085
1989,185652.22831413028
1990,203802.68227356614
1991,232001.19838165105
1992,219473.92204713338
1993,178704.08912790916
1994,232141.2468718056
1995,179846.87050354216
1996,286009.6272721289
1997,320547.448255768
1998,282706.89517718257
1999,295925.99002442544
2000,340697.16103794443
2001,286895.6679655312
2002,251587.89658650264
2003,236925.62422844415
2004,272006.3921237055
2005,234457.34216154928
2006,228544.75442997235
2007,252254.84603470142
2008,224690.11147859556
2009,208182.5344051596
2010,188312.86657424847
2011,132425.7275887474
2012,181615.8865806646
2013,187802.44233153245
2014,187683.54495975524
2015,223738.20500259535
2016,193461.9328518998
2017,194701.17512844017
2018,122529.37368900444
2019,132663.8489916321
2020,96670.213307576
2021,111440.5494525255
2022,190522.08287420173
2023,144069.64530957537
2024,268625.15878425346
2025,324963.53663847334
2026,197681.54035749706
2027,166523.2404856641
2028,146796.88503559108
2029,168944.1685842627
2030,259679.51480894737
2031,233417.85379596485
2032,262747.9379129505
2033,257085.26447832095
2034,169933.33766010814
2035,231716.71003505585
2036,193878.35502521668
2037,227482.40312256865
2038,310071.4846217921
2039,239770.5299897893
2040,305689.06001985766
2041,299328.9032302564
2042,213060.4942856197
2043,169808.38139204425
2044,165419.05904772284
2045,205950.44016906782
2046,175216.63327719734
2047,134230.27694058995
2048,140921.08111253634
2049,142643.7043998604
2050,165826.97261690875
2051,97406.33775945843
2052,119588.65794108181
2053,144345.13611881385
2054,94693.71340060991
2055,148098.41172471273
2056,147851.8269819112
2057,111967.66728601448
2058,207673.5747372089
2059,132099.15366694087
2060,151588.94759329467
2061,153321.43065246087
2062,124526.40417201591
2063,128482.8880791942
2064,143086.34830287372
2065,106225.06630874987
2066,165249.46575368126
2067,122323.84810772586
2068,145790.3820679157
2069,78339.95559965202
2070,109862.73981579239
2071,93753.40648106503
2072,134136.51084198864
2073,137263.68992377626
2074,186602.98060224977
2075,146222.81650390764
2076,126811.3929812421
2077,158180.36283253945
2078,130807.15194895914
2079,137600.59390305867
2080,115228.9674159921
2081,128902.45078528622
2082,109648.97837382613
2083,156188.75143892862
2084,118681.53568972697
2085,117411.97665080146
2086,103246.16516097402
2087,118432.79175234077
2088,86185.95462485413
2089,87290.09065033623
2090,134663.21678001844
2091,109197.10455597247
2092,131560.0413960239
2093,100012.75975253839
2094,100480.36882426156
2095,148189.73999107332
2096,83752.61926908523
2097,101896.6293025131
2098,147764.57265688255
2099,64924.94461488572
2100,114742.49165090738
2101,105653.67572191628
2102,122406.26475170585
2103,108660.72743852729
2104,127900.84865367584
2105,131371.11770013743
2106,98466.10751311756
2107,189856.9150918007
2108,114072.83604250349
2109,110386.51100996476
2110,102109.91792329143
2111,111376.17841755024
2112,142413.33341061432
2113,127663.65810956559
2114,113516.55563404982
2115,170874.85652943616
2116,110399.77094919566
2117,151189.96379824483
2118,120825.3783661041
2119,109524.89927627686
2120,114146.69356969922
2121,91480.60906520367
2122,124193.85341344104
2123,83108.80823620337
2124,180495.03401045993
2125,121209.88963546873
2126,162104.15886047168
2127,175096.82307041154
2128,114721.06764364813
2129,81793.73426704563
2130,143651.79204794488
2131,152566.6502833446
2132,105339.01562040849
2133,122001.13656581896
2134,126661.99905821905
2135,110548.73776131208
2136,72837.63919241328
2137,101305.03500137418
2138,122290.64339798791
2139,143556.26257841123
2140,131890.43969360428
2141,160108.82659120022
2142,134366.45636257972
2143,144398.7322503171
2144,126778.00253897652
2145,135947.96870104325
2146,171909.5475722223
2147,170256.95145354685
2148,133191.7729954741
2149,127760.14481963299
2150,243680.32055443272
2151,124998.5089981661
2152,146347.2051847474
2153,147831.3092464847
2154,97329.76106158648
2155,132077.6140444181
2156,221089.31066547692
2157,223343.73637778158
2158,259432.4447674749
2159,228588.59247728763
2160,179117.70448140334
2161,231852.47343743042
2162,342688.32310305134
2163,323066.07608182397
2164,253913.79757924928
2165,213997.47083129422
2166,167085.43404732508
2167,219426.95046310526
2168,191835.22509945795
2169,200109.27596533578
2170,202624.59431522147
2171,151935.66679406466
2172,144720.29358550394
2173,186557.8842203879
2174,218542.99749544234
2175,272568.8186801852
2176,311126.18000036094
2177,241852.4936677597
2178,203664.57375525325
2179,138870.6408039705
2180,189164.65232282295
2181,201540.10431064924
2182,234680.66825880265
2183,200081.31530223854
2184,110116.99163952598
2185,122379.00670213273
2186,131627.7471088451
2187,154577.47641072253
2188,163392.89941680565
2189,287873.5785964191
2190,78013.27587276342
2191,71903.13329218025
2192,95092.55353418813
2193,118203.71683768889
2194,103509.19822286072
2195,105329.41467483478
2196,106465.15837137954
2197,108246.08096325918
2198,144351.01427462875
2199,199605.48585203607
2200,135471.83033721268
2201,147223.10756558971
2202,221758.4463217977
2203,143686.66762424778
2204,193561.99965486128
2205,124794.49286006037
2206,134447.02931022897
2207,222818.46789910283
2208,264963.57742252987
2209,263424.4387253618
2210,121001.86546284074
2211,115306.73692403123
2212,126664.05736474512
2213,111737.05187951661
2214,136765.56852466386
2215,105968.97162912703
2216,150204.2599831809
2217,39546.61312551332
2218,64819.093569335164
2219,64498.220998569624
2220,63320.56428806002
2221,289503.2409635573
2222,277359.8491514751
2223,275542.6754213648
2224,204373.18412126813
2225,126309.77139330463
2226,164355.87184336918
2227,198875.40308443154
2228,275956.2902188904
2229,236470.87954738026
2230,162791.29159001642
2231,213445.85337078283
2232,178150.928142778
2233,182725.69423576057
2234,244377.82199832657
2235,217904.23821123538
2236,243479.83725534572
2237,299915.11125581374
2238,199180.25384881947
2239,83749.59384699001
2240,153439.23592908934
2241,134684.14143247038
2242,119028.56303089864
2243,119182.95361817008
2244,103509.53721778853
2245,98167.54373888606
2246,139134.62810464393
2247,107155.39422925687
2248,130960.64943073635
2249,128092.74971811281
2250,135108.63544436873
2251,192896.39586853585
2252,177866.9220309288
2253,173740.94181225446
2254,187844.24346321702
2255,176267.67698126676
2256,174793.9493534421
2257,218566.17444102524
2258,164189.567895314
2259,174389.09869233926
2260,133811.4436651205
2261,216194.39658175004
2262,232115.03898326567
2263,406449.9672113317
2264,492637.4705703752
2265,143810.60337943604
2266,318697.43652900204
2267,348773.6521029757
2268,399764.7312995611
2269,146680.47537080964
2270,199326.10569244088
2271,203877.56096870662
2272,196275.833875823
2273,158231.23024255224
2274,176528.89556114379
2275,144754.53541559342
2276,194404.4172286633
2277,175159.75035944706
2278,152854.83943021126
2279,140009.61662082528
2280,113094.99230980982
2281,164198.75429445237
2282,175208.83384740227
2283,109219.3296379312
2284,114635.71276097027
2285,147993.80484543653
2286,122018.84613323331
2287,362978.0970851518
2288,296871.1173344096
2289,356518.86017191655
2290,434752.0855973423
2291,355720.9221930242
2292,421690.20033973455
2293,449471.8249045095
2294,416485.0882242878
2295,480163.4290198
2296,250665.8579679729
2297,358182.0015380155
2298,376930.5999761921
2299,366130.48114891566
2300,332380.7380577854
2301,342676.3696429838
2302,261375.4499129158
2303,256308.951873128
2304,245478.8604749102
2305,203739.80727847732
2306,199180.69652554663
2307,210363.11722363537
2308,250105.49333395596
2309,280547.9321426227
2310,235519.2906991504
2311,208342.84453709857
2312,169224.4082201679
2313,178255.60886599988
2314,171417.9517127249
2315,178420.87662912006
2316,192636.20579113156
2317,187786.91101982072
2318,175342.872206824
2319,181333.57007773573
2320,188991.46434875362
2321,232793.2073876371
2322,187049.58536059246
2323,192451.75023931533
2324,195892.39996133154
2325,211406.3264605605
2326,191312.94011605723
2327,203334.75075735248
2328,218020.59617033156
2329,195206.08054238683
2330,178159.0221134588
2331,329368.4314597616
2332,427030.53118529305
2333,322664.64225185546
2334,268621.47172165744
2335,296325.09827761864
2336,314234.71402185713
2337,187388.6242346659
2338,238142.7947305271
2339,228285.29134104867
2340,345543.12535913184
2341,214692.8227106774
2342,231323.08689481334
2343,228364.34094240572
2344,212843.38314343183
2345,218269.25487433033
2346,227695.6672130707
2347,199952.68070381708
2348,245725.73383560835
2349,172416.47887723785
2350,302597.85526294255
2351,251654.30342206042
2352,248277.39413844174
2353,258951.31922811724
2354,141182.92617611084
2355,147033.12580179598
2356,145111.16764356644
2357,191116.87369727803
2358,202376.89931281423
2359,124635.14733268562
2360,114126.5658849902
2361,146036.94093858093
2362,238252.9901070804
2363,141650.8368222924
2364,155757.96308469938
2365,210477.92444511922
2366,202446.43068039446
2367,228234.74457622934
2368,227341.68303361337
2369,222466.9528751309
2370,175962.62098573137
2371,167097.25720366117
2372,200181.00480358404
2373,283253.73360436555
2374,303381.7588647477
2375,234330.45992449904
2376,307392.7424052325
2377,314282.1144626926
2378,164565.65962912058
2379,199305.39793781616
2380,139705.57018366538
2381,150647.17351835073
2382,198944.51327903933
2383,193948.428430225
2384,223116.2882625641
2385,163039.74378752854
2386,129790.89108620431
2387,132841.1046726616
2388,100626.89185120074
2389,132320.85739574576
2390,160768.61580841782
2391,152886.83179392453
2392,121296.6047032918
2393,181299.93878903554
2394,148393.82662179423
2395,214279.32202977932
2396,148879.20833834482
2397,209580.70538741493
2398,119080.39069872865
2399,62663.989918999316
2400,77570.79840026128
2401,122679.44959545601
2402,128837.56265438923
2403,152073.60086055452
2404,160510.67574552327
2405,143991.85594588582
2406,139718.12575947944
2407,120768.2731493675
2408,127745.48227592492
2409,115685.38385738317
2410,171309.30211568266
2411,117248.32161947164
2412,154736.07786039243
2413,128138.51074810655
2414,185120.84210807728
2415,137804.03310428097
2416,132491.18349372252
2417,149483.51478742735
2418,138272.35696835667
2419,124827.72288045668
2420,126357.8668615159
2421,143426.09094684434
2422,105287.15186824385
2423,111731.36805554727
2424,141728.81974685076
2425,204194.92580025303
2426,136832.1329142105
2427,127884.8195906264
2428,172177.4890103831
2429,118292.50564099698
2430,131625.47092494968
2431,111307.92593520247
2432,157256.80778620677
2433,149472.1973467285
2434,144581.85727000525
2435,149749.1533403378
2436,110487.31614581292
2437,109595.56660698191
2438,118212.72293205876
2439,93404.00355706937
2440,129590.51256349473
2441,84011.38521934085
2442,94207.3796057335
2443,118111.41659250575
2444,121650.89663457968
2445,92191.10545764028
2446,136523.56386523182
2447,175473.58936275294
2448,130634.54313682698
2449,123520.68661977943
2450,150529.3187796344
2451,116698.10018285929
2452,211291.83360297146
2453,89204.63839232526
2454,111947.06084896589
2455,110872.71503897116
2456,122948.16844473954
2457,143167.17161667955
2458,155539.7561332341
2459,108855.24145681027
2460,142349.67971564404
2461,132047.11704670766
2462,128610.49290659511
2463,135880.29407656364
2464,175115.36114565088
2465,135445.51480545313
2466,129737.02563633527
2467,132710.32481727377
2468,88522.56328889656
2469,87737.64586963851
2470,194090.3231066513
2471,214881.68379555456
2472,156581.62050510442
2473,136326.07615739986
2474,104916.49065117919
2475,188781.8246298077
2476,117279.8473643593
2477,122586.35071091745
2478,148006.03986920248
2479,98532.127718006
2480,144129.58528209792
2481,119441.90789755371
2482,127030.09738309849
2483,115705.6607974699
2484,118254.65444503553
2485,132589.23507115484
2486,156045.46497626332
2487,168389.2759364514
2488,169938.18260333023
2489,156603.05870254055
2490,146431.61344542017
2491,82016.35371822235
2492,208426.2740952086
2493,166824.630173783
2494,156013.80539514305
2495,89428.29163218614
2496,249366.0201806178
2497,145095.9794651409
2498,122046.62642548559
2499,77433.22847580728
2500,138425.19431120253
2501,135881.1390401344
2502,126318.291686946
2503,79606.39329602686
2504,164046.78275176667
2505,234504.62811266127
2506,240366.9482187534
2507,267423.114233398
2508,240026.6123108225
2509,225295.83718239804
2510,224436.85251602702
2511,176184.92559479966
2512,203044.41546381812
2513,213355.29083302902
2514,248803.0373089557
2515,157580.80405596082
2516,180554.1367587869
2517,151553.7785715605
2518,160841.2838347543
2519,253963.8537475135
2520,227857.487324779
2521,183354.05276719836
2522,219308.3229361374
2523,115744.01491366148
2524,150017.52983679832
2525,145516.18205635107
2526,159713.29616775678
2527,129663.03365719151
2528,151693.93727873926
2529,157724.78265261636
2530,137132.67417055543
2531,236868.11586183525
2532,219820.99714101947
2533,188431.84108284098
2534,239025.41550341944
2535,270085.58853898133
2536,218979.3566332559
2537,251981.8318947094
2538,179921.75308460748
2539,183405.23020367933
2540,184339.00173238214
2541,183060.90750684915
2542,164963.88882000107
2543,114412.38041558953
2544,124421.25243013738
2545,128906.89109582912
2546,129398.32918603449
2547,130200.43204462947
2548,157576.74183195212
2549,149557.1125731286
2550,692184.5384626484
2551,141556.37879957224
2552,129257.39734280197
2553,62499.2989560808
2554,91256.52827520415
2555,100292.72838451392
2556,105281.38490587825
2557,111999.38628623872
2558,170687.8426268099
2559,132716.26614022395
2560,170331.66982220268
2561,164783.8991894161
2562,152695.027119712
2563,156517.19735718035
2564,239578.62204576534
2565,137545.85686163593
2566,173489.4202872418
2567,139904.50558198665
2568,197076.4754912229
2569,256348.51063430612
2570,115498.44592926558
2571,186861.64957154408
2572,135766.76337950758
2573,214859.47031544833
2574,311868.3559684167
2575,148251.72201471907
2576,95043.13334474893
2577,166706.4656157183
2578,83663.0617267968
2579,74163.11037655621
2580,69352.9902810367
2581,86781.14557319373
2582,80718.95376421225
2583,254512.73572414767
2584,145681.450274012
2585,193925.16895202204
2586,205076.42135687708
2587,190793.38062912092
2588,105875.51611536955
2589,142552.41158585282
2590,201597.46917529713
2591,218810.8395544249
2592,204976.3083922675
2593,257191.56046513934
2594,195561.91295980677
2595,212639.19678877288
2596,268703.7270674619
2597,199269.50036372445
2598,291531.50768072566
2599,300547.5558660499
2600,111359.60912584103
2601,126573.94324054525
2602,83837.91369685851
2603,86950.44317984166
2604,87863.12738271581
2605,74647.31959870462
2606,141991.23049425785
2607,194995.19294090618
2608,187953.1375995644
2609,164400.70058934973
2610,112473.62319955215
2611,128329.02067248976
2612,154199.87646194152
2613,127033.03883616834
2614,126592.6509291257
2615,150379.31326980324
2616,138692.0492690168
2617,182193.7361499611
2618,188167.9786583911
2619,192300.9209794819
2620,184718.7124662845
2621,173654.11466569817
2622,171449.6189531172
2623,238120.1185561614
2624,287094.9182190965
2625,255103.3235292217
2626,180495.79025306087
2627,176030.67123354095
2628,591308.8326814943
2629,587550.1098615194
2630,439848.133170167
2631,475727.1485591796
2632,441213.69578669243
2633,310304.76134709845
2634,418040.58494552283
2635,145600.9377349636
2636,179635.58523240182
2637,167624.76655647895
2638,261043.02350336005
2639,193673.3050436369
2640,148994.3189264529
2641,113658.74268553485
2642,168497.62053969188
2643,109090.70165800623
2644,124583.16996255261
2645,114045.51921812694
2646,99980.73811363026
2647,104212.33557975733
2648,132375.54941799547
2649,160683.53567198833
2650,135309.11822084244
2651,149196.85573581935
2652,421373.4283711743
2653,263168.0859311662
2654,274367.7906695129
2655,382870.46602319024
2656,333654.3524468171
2657,334175.33385259274
2658,320254.8192974812
2659,331383.5555504658
2660,380255.2444309096
2661,329688.8470641398
2662,360113.1910766813
2663,292313.6951395161
2664,281134.4027091312
2665,347430.8984707915
2666,272572.75965279347
2667,182194.94454598642
2668,184796.30646942282
2669,173626.52231549923
2670,261900.33568250493
2671,179794.98782147875
2672,192246.5310132493
2673,189573.3134340878
2674,185008.83268295176
2675,185161.03964433988
2676,191309.11838994035
2677,202213.47543807235
2678,225322.98097691714
2679,274978.9692519559
2680,301128.06645127345
2681,422615.35054268426
2682,328368.083388361
2683,527550.0317504886
2684,333594.03296229587
2685,312533.489261655
2686,236706.17363870115
2687,311197.7022833751
2688,205714.30338914497
2689,220969.6535478848
2690,393128.09148588387
2691,194115.41641854667
2692,150756.41190560584
2693,196651.26190948865
2694,128853.25333255313
2695,191958.74680434176
2696,183677.5550350575
2697,179636.3297166417
2698,180902.87750952487
2699,168410.5595797382
2700,162137.49580852388
2701,152092.9412858544
2702,110314.43429081314
2703,113153.8396683655
2704,147137.37806315502
2705,116735.81571947252
2706,114644.97978335063
2707,115627.2817338763
2708,136299.35350180772
2709,103361.23635481329
2710,129597.33735433963
2711,266043.1261079119
2712,393633.05864824104
2713,186132.97820079082
2714,156389.14906364464
2715,164849.01720938456
2716,141865.69784638166
2717,189462.25703939245
2718,237838.30434385868
2719,143266.33582022754
2720,170966.51661739478
2721,132294.95627957332
2722,142221.02766510256
2723,140879.03883636475
2724,126057.68569008455
2725,123472.68023319714
2726,139766.3401706246
2727,199602.56687504007
2728,187013.26840355335
2729,143006.0276357043
2730,141970.4957291198
2731,120785.52733852221
2732,137110.79694477379
2733,154483.0306832186
2734,129178.53005982157
2735,132805.39244875897
2736,140053.2356489277
2737,125180.77258509332
2738,137104.38840816237
2739,145597.33256608117
2740,140711.1666034719
2741,156404.38339308315
2742,172260.74665699826
2743,143573.68019892165
2744,152357.01201934394
2745,140544.3634952564
2746,140768.65123404333
2747,161493.31076789155
2748,142992.3689444885
2749,123218.11510906975
2750,118083.27080582254
2751,128666.02203668833
2752,157170.14029086728
2753,143162.66473328415
2754,202812.92822403216
2755,146483.82306183822
2756,91475.51083447789
2757,61112.916075398505
2758,96486.51737496513
2759,188157.4165748332
2760,129436.49382818646
2761,131575.28194258528
2762,135039.13462361638
2763,187538.3570928818
2764,141241.26242783197
2765,253515.4746401133
2766,99916.63932135537
2767,93112.4568913666
2768,124550.61922719699
2769,137320.1226779409
2770,132784.01950417977
2771,112192.45390033288
2772,107557.53995232526
2773,183640.576642876
2774,135485.83971138453
2775,107043.8166159343
2776,143991.56950013083
2777,156964.70870753727
2778,98996.4177627666
2779,117841.04082644997
2780,90293.2990629558
2781,89558.23730110379
2782,103240.35714413576
2783,99883.81581968143
2784,141748.43148648675
2785,146725.174473368
2786,68337.68769346815
2787,125802.78926168871
2788,78389.28378039712
2789,175277.42082445716
2790,97740.95159623609
2791,112826.22893260687
2792,54605.98322819799
2793,97442.53593075562
2794,96567.3400182695
2795,122103.57336916577
2796,100250.20948755136
2797,153576.28880931417
2798,95245.37454107139
2799,105868.65298530406
2800,72315.58116006287
2801,107375.03204579627
2802,115950.76004054211
2803,143654.8533317248
2804,132616.7542321729
2805,88697.90343972537
2806,77653.13630462607
2807,208846.6230287109
2808,149781.29520610828
2809,130194.75725489655
2810,127673.26784689285
2811,158225.47589494984
2812,159320.75388968576
2813,161513.49764707292
2814,169434.20355609196
2815,95868.8274458893
2816,234302.4422695758
2817,177835.40616241755
2818,134863.17854425753
2819,184438.29019444625
2820,144094.6929162446
2821,110129.14793899699
2822,162906.59939493958
2823,344515.0157800631
2824,164747.518170249
2825,132010.00153704258
2826,131472.2408676482
2827,128224.53394625595
2828,210468.65159216357
2829,194154.0274753538
2830,202523.96564032565
2831,178920.22677063174
2832,226250.20898449747
2833,305770.78841048694
2834,211397.7263729287
2835,235512.27284048343
2836,183981.59872100785
2837,144708.47046073098
2838,159154.27839435605
2839,174381.3498309618
2840,204426.0264875875
2841,201300.69754569823
2842,223256.10222618436
2843,149538.04111264803
2844,173064.4288729215
2845,136593.6080694473
2846,203151.40791182927
2847,223344.3874737702
2848,206078.81457191773
2849,194005.76832080696
2850,272544.3420872188
2851,201267.6333887995
2852,240792.3042458558
2853,232437.43400706793
2854,144027.46306482612
2855,199001.09148582147
2856,193229.1662348227
2857,184530.88516236364
2858,193411.34572475567
2859,114238.8087217187
2860,118838.1048011958
2861,112357.64511759754
2862,168930.8408096999
2863,126722.29653244124
2864,250984.95186121174
2865,140726.87465986164
2866,132920.33672197594
2867,110662.24189315684
2868,94559.32336325642
2869,108046.30631088998
2870,112850.75585484043
2871,85763.24696660199
2872,61732.32825581011
2873,102926.55448873928
2874,127353.65422266981
2875,112485.23364185766
2876,156109.56906641615
2877,154661.31693662418
2878,162239.41574533453
2879,118916.68457069484
2880,106884.93844724578
2881,159996.40963462976
2882,180185.58875714146
2883,203496.4910723084
2884,186443.5216012337
2885,192335.43817353193
2886,217528.28602629382
2887,100754.83668292766
2888,152148.48654487854
2889,71503.4681771359
2890,86226.98809875868
2891,136192.3138731198
2892,36819.58834351575
2893,55877.524970959865
2894,44250.39173854284
2895,307931.918498256
2896,271006.63590888266
2897,216561.5818551505
2898,131780.00387316197
2899,204796.13116441865
2900,154228.11254253506
2901,213392.31410235574
2902,170909.09795590522
2903,308525.1787590792
2904,322766.7892507672
2905,68226.85158512024
2906,194411.89505236413
2907,105259.02032013457
2908,137066.6342890229
2909,137366.6370684322
2910,80654.68225460613
2911,86762.71488571026
2912,147503.6307610393
2913,78960.64008276208
2914,74346.94429039492
2915,80555.42369856169
2916,82190.23418123521
2917,149169.60989384874
2918,111083.56106689539
2919,219012.35608425894
