Id,SalePrice
1461,116155.89176458248
1462,152476.85566787183
1463,177319.0081883586
1464,196013.0639399698
1465,201613.7481489142
1466,168645.09766271972
1467,174609.34849923858
1468,164597.6629706787
1469,184258.30804168785
1470,122549.55902357677
1471,167881.6859458841
1472,100093.85134139471
1473,97542.38147986394
1474,143576.63400524153
1475,115953.27693665904
1476,341575.29255116696
1477,252607.5644925565
1478,332069.89244665095
1479,344204.80511359405
1480,490031.2201522814
1481,326775.69220684073
1482,231887.23246453484
1483,170374.58511216243
1484,170256.0175247918
1485,200209.63452679123
1486,186646.80521045116
1487,335738.471332521
1488,221090.82767680433
1489,188667.88299613647
1490,229205.71948322837
1491,193573.95851118505
1492,87025.51366663803
1493,185441.97273054175
1494,284778.7478227404
1495,282347.8662695525
1496,238565.78365387183
1497,173727.02524478588
1498,205766.53488418338
1499,174438.6837398346
1500,160902.49408804034
1501,167320.00985179082
1502,151869.49313285298
1503,243434.76781030322
1504,242626.0825046318
1505,223895.1234363218
1506,183930.61783853633
1507,228083.49734313233
1508,200712.29602898832
1509,167379.4200168804
1510,145451.99329979962
1511,161895.61003981755
1512,160380.8570238354
1513,147762.56818448193
1514,145275.04970388554
1515,195273.9043408645
1516,151501.201048501
1517,155920.54299284844
1518,129121.52051881925
1519,194733.20411623473
1520,127695.71688794922
1521,125288.8514050849
1522,168017.69864936962
1523,113392.24133102532
1524,121446.21079583031
1525,120384.0813055435
1526,116850.15018330085
1527,106338.73245927523
1528,125482.72035082904
1529,158681.99624812911
1530,190485.91509221727
1531,125980.38695610997
1532,91856.55444139846
1533,137615.86866099143
1534,104982.31457654915
1535,134597.1926744774
1536,104828.31180890903
1537,72426.00596631506
1538,135387.14334005376
1539,206933.931065765
1540,83491.02476824689
1541,152394.17838535114
1542,131113.94761718417
1543,188555.14404379923
1544,86935.0871029642
1545,120388.68593916875
1546,151699.69934818632
1547,147550.36195335275
1548,142517.4048474372
1549,127183.54539488541
1550,146739.37906492248
1551,96553.79714152166
1552,135121.04260221685
1553,131078.5117067179
1554,123512.82333054232
1555,155651.65220062397
1556,89118.77704655548
1557,99766.7680741467
1558,101937.37597553556
1559,72239.37782526927
1560,135412.7544553888
1561,97381.81901843526
1562,135546.82273040013
1563,117707.26360754746
1564,160431.78314314433
1565,150601.88882928214
1566,241977.1314990333
1567,79057.56625311602
1568,247510.6506369997
1569,130089.9087928877
1570,147236.10391149708
1571,104335.73742196341
1572,130171.11485065875
1573,214929.99731971844
1574,110005.94889807377
1575,231077.7234598466
1576,224514.36307644635
1577,191435.4211363274
1578,153504.81929944488
1579,143646.42499758015
1580,201835.52582575823
1581,157125.2571654542
1582,136813.39923985384
1583,283701.58579697215
1584,213808.44193926104
1585,139322.83084658076
1586,78641.39466215917
1587,121947.613222256
1588,149645.8184896159
1589,94097.27912248048
1590,129645.85659898721
1591,92961.56981945333
1592,107535.8252393744
1593,123557.06031104122
1594,143430.92722678135
1595,132383.16141588078
1596,217072.63938500505
1597,213645.5019604037
1598,226693.29421800404
1599,168393.60999980522
1600,165017.6214971772
1601,71708.74538627475
1602,115028.83246633416
1603,59186.16079133882
1604,254790.45310636447
1605,230863.76832744048
1606,164820.46067288794
1607,171097.1590778213
1608,227910.72333262343
1609,180262.851617275
1610,153030.61111297493
1611,129896.49436703125
1612,170573.21932201984
1613,159170.67560339053
1614,119767.69540960484
1615,87903.72055319737
1616,75887.74607639511
1617,92094.6557596873
1618,154387.43363844798
1619,143818.32906955894
1620,166364.4088590739
1621,132599.42289289268
1622,142367.79598782287
1623,257351.50856545282
1624,193810.449210384
1625,118088.41504786431
1626,162285.9632777296
1627,187613.9198527473
1628,284302.7039636855
1629,199124.73464305844
1630,343312.8721026816
1631,231008.74920219905
1632,242351.05451826451
1633,194895.37036813563
1634,190060.37279178874
1635,177223.28354887562
1636,162632.3986214459
1637,181199.0446803492
1638,188323.402498744
1639,183190.77327465577
1640,244613.32765518106
1641,181731.61779842761
1642,262527.40653916536
1643,240170.05937707433
1644,259070.8111236604
1645,187089.62396866718
1646,168718.63891933043
1647,159938.30152531515
1648,131672.5650227165
1649,143198.08713659114
1650,116888.85423552181
1651,127969.20904126616
1652,98960.71444850083
1653,103687.15544877616
1654,147692.146848699
1655,144752.81541743918
1656,143227.0432635929
1657,150750.8939627828
1658,152024.20032313696
1659,130938.79516833501
1660,161038.65703178183
1661,415876.89524373575
1662,404230.5203989544
1663,363881.3835734468
1664,446041.113808315
1665,306850.60021893925
1666,308972.381932249
1667,371322.96825481125
1668,348665.49447836174
1669,327793.056115361
1670,339459.70407314843
1671,260198.41509789092
1672,411938.8946900996
1673,301217.0421116066
1674,251449.28019228711
1675,207856.6909030289
1676,198703.87836255506
1677,214233.33413124777
1678,456078.6676188169
1679,410181.8069164156
1680,305658.3793282836
1681,250910.87642969165
1682,329012.05879644654
1683,203016.39348893703
1684,185206.7356066524
1685,177798.59812063296
1686,179662.87694125177
1687,179839.85744661413
1688,185121.83049783667
1689,189487.52380875385
1690,197216.75379699672
1691,191086.24710114894
1692,265139.23220221716
1693,197232.1859426492
1694,188709.1599518945
1695,184105.35303964055
1696,284785.3679040061
1697,188818.7353478828
1698,335418.5224793371
1699,316492.11025898746
1700,252126.1994436999
1701,267341.7177388048
1702,228136.52623184244
1703,243850.97347599218
1704,266110.3894954761
1705,250835.88301459383
1706,358036.43343903316
1707,211737.8080590693
1708,201206.96493399452
1709,252578.69883585608
1710,235888.98649899714
1711,281621.0409638602
1712,257065.09375203765
1713,274791.1372487413
1714,218826.00606926362
1715,211520.56635651158
1716,186859.79238327334
1717,188282.5291568926
1718,139200.94128533604
1719,203262.74113785697
1720,239877.31699355628
1721,152273.98640630132
1722,119358.49955442038
1723,148862.97443709394
1724,204828.0663413014
1725,253503.46980424374
1726,190631.7578062176
1727,152798.07509412523
1728,163417.49450832643
1729,182295.82382981456
1730,153091.87261912535
1731,116075.14046591328
1732,131010.19496252725
1733,113751.18967587748
1734,131616.68799995154
1735,123070.31144586563
1736,112299.44695927217
1737,305146.4572455291
1738,266065.33568927046
1739,263758.90997421206
1740,211995.45099936298
1741,192127.24904252117
1742,167196.5560417823
1743,172712.5226895145
1744,342878.54441929935
1745,212555.7290355402
1746,210635.67215175036
1747,217713.2392080978
1748,229891.16728831822
1749,146367.4341851619
1750,115903.637777049
1751,240809.09091044523
1752,121075.31618882444
1753,144153.68393621765
1754,186663.7964937458
1755,160033.5987163258
1756,128427.95630776866
1757,127415.05566610627
1758,149555.3161471991
1759,165291.59856559912
1760,160741.2729919621
1761,129227.9416553729
1762,187814.07525475387
1763,174185.48222336924
1764,122472.0499920309
1765,131202.74344743148
1766,179196.0059055671
1767,189522.3288485241
1768,136494.55673018514
1769,172364.3565930232
1770,150560.2274158972
1771,125532.41812440153
1772,131819.91453910686
1773,122306.40229882138
1774,147099.55337779757
1775,148525.13520022447
1776,134941.9495074416
1777,103581.63976144374
1778,137734.79522039514
1779,133285.2105357198
1780,169828.51131961585
1781,130157.88847115323
1782,93331.73514108027
1783,136242.253516856
1784,108426.52254558438
1785,116508.67551095986
1786,156771.33346340808
1787,167562.24592144744
1788,60397.14379072833
1789,96567.95440175505
1790,89324.13450469334
1791,207603.70365404073
1792,146014.32626417716
1793,125631.43237582863
1794,159231.70806357305
1795,136237.3468655185
1796,148112.70323771922
1797,106697.70402948314
1798,130873.18792916337
1799,116375.87735763869
1800,135553.37381212803
1801,128596.09107318544
1802,135566.14030208183
1803,144802.3561171918
1804,143212.50811840745
1805,135291.42182806286
1806,120407.21293271644
1807,126927.75538898745
1808,120087.73579480281
1809,117540.53341439588
1810,148085.13020056792
1811,75150.61220633732
1812,93035.63620250531
1813,142998.47890375918
1814,106495.99806631538
1815,57974.06683077372
1816,95250.46947833989
1817,113732.46253059931
1818,163475.9916713916
1819,133788.31008144259
1820,44059.750333079974
1821,109414.65049677371
1822,161168.2352191967
1823,36695.959980051404
1824,116151.51887160902
1825,143721.26331504007
1826,115691.27586760686
1827,99256.57134322895
1828,126994.17494139825
1829,116068.24176549802
1830,145346.45816507316
1831,143954.0075288582
1832,102700.56638224865
1833,137620.22456157792
1834,118735.45325880477
1835,116018.27109035812
1836,116196.54921785802
1837,90239.16717453791
1838,139908.19169844003
1839,121397.0536360967
1840,142039.51890033856
1841,123302.60313902592
1842,87185.74560271834
1843,128683.89639667593
1844,158835.91823918163
1845,143330.45696974447
1846,155019.63203039844
1847,177897.12505944565
1848,77939.75757132981
1849,105323.71233847628
1850,118728.87878497902
1851,139621.46941557003
1852,124437.76962451774
1853,127369.54941860007
1854,164228.7453449508
1855,168359.06506949384
1856,221881.68534204326
1857,131642.89443895745
1858,137320.91435435612
1859,120077.78305862511
1860,150450.23073220605
1861,119563.33259628469
1862,377753.7442939
1863,355360.62218738574
1864,355391.25467854115
1865,318651.71756419714
1866,317992.20097436744
1867,220239.06471050746
1868,265791.30572265526
1869,203140.58170374428
1870,216370.92890669734
1871,273542.3267067104
1872,176127.243409353
1873,242311.96731103925
1874,155659.22337314504
1875,199555.99139358455
1876,200947.98910114547
1877,199665.62632612302
1878,208381.15011603205
1879,139963.96370270505
1880,134789.46095673414
1881,228174.8888177151
1882,229594.99165603274
1883,183539.9149985826
1884,193548.07060594772
1885,211216.29590040143
1886,267795.22530139773
1887,210098.85417045173
1888,247583.7992115924
1889,171118.95463859235
1890,103801.27521402332
1891,128400.23958823243
1892,104794.36163757663
1893,134446.18259875049
1894,123067.96049706191
1895,135614.87610871406
1896,128245.72341984784
1897,125218.18924627217
1898,116680.9276595496
1899,152678.56357100487
1900,144889.11486409575
1901,190129.23912643106
1902,146348.2085032557
1903,261996.3603342597
1904,157543.075544647
1905,180983.57629656565
1906,132140.88532387276
1907,192929.02696802843
1908,105594.95363114627
1909,136313.95021649063
1910,119677.73765098688
1911,229081.35707194955
1912,340910.72681289684
1913,135817.9366989878
1914,54404.324501081384
1915,287468.71193646383
1916,65585.46430099955
1917,231898.85983463225
1918,137955.6721623071
1919,162804.28612658483
1920,144763.10820312504
1921,351504.431604121
1922,313976.235545429
1923,241574.88360376918
1924,234204.27585743996
1925,191527.1030043873
1926,343624.0055180126
1927,131218.61464931624
1928,156483.01703340674
1929,122486.90984383192
1930,132160.88526581257
1931,132640.34210831643
1932,128837.19030360498
1933,208455.52640305387
1934,181878.13484867962
1935,177581.9544119689
1936,194310.57193270608
1937,185448.48081284293
1938,167728.43166390955
1939,276797.1048684351
1940,193943.1040696366
1941,169697.57413338154
1942,167489.8297440683
1943,234658.52826824668
1944,434266.7361157278
1945,409382.00787796173
1946,176661.74046947312
1947,284990.8134813266
1948,174230.6466355301
1949,227074.11796760492
1950,185062.02137435327
1951,229570.95316135994
1952,192490.88569051606
1953,161979.6901837961
1954,184614.56348611577
1955,130553.90712154673
1956,323094.5937761665
1957,147783.1525864786
1958,249175.35200369975
1959,151021.24464312964
1960,114918.48158177377
1961,132892.78532629274
1962,95296.50563088674
1963,99627.52819369189
1964,107016.61913367004
1965,148430.51152396307
1966,144931.01531662056
1967,291076.20606703724
1968,433244.98830674705
1969,369320.8108107977
1970,406876.56919108226
1971,481480.98412361933
1972,374780.498521098
1973,299425.1945595267
1974,352108.40453963686
1975,455179.6568621292
1976,283027.8150986458
1977,361702.41917946684
1978,351488.90755790414
1979,309728.7621530521
1980,195385.39130073955
1981,312317.7550105932
1982,230422.4902486604
1983,230137.0776301636
1984,165892.43710964173
1985,212403.74929776276
1986,197902.3726581502
1987,187194.9729344529
1988,174203.76275214934
1989,185911.1488149836
1990,204029.13374855075
1991,231501.57153539752
1992,219727.56165251852
1993,178463.36834375243
1994,231555.06698359628
1995,180033.0791318659
1996,284758.55068379204
1997,320833.6248957866
1998,282586.0933274163
1999,296336.3885211728
2000,339766.94754743815
2001,286901.17622143787
2002,251226.3959934076
2003,237210.0598423423
2004,273243.13808145566
2005,235265.14591765782
2006,228681.83175099432
2007,252310.50214720785
2008,223976.2446898104
2009,208046.3851598813
2010,188581.15089035066
2011,132834.70522247546
2012,181826.32072633863
2013,187668.6038439299
2014,187536.77169692822
2015,223431.39239845026
2016,193409.4964810652
2017,194852.1165696197
2018,122761.68716175323
2019,132600.9140545939
2020,96710.8968012894
2021,111505.80925717682
2022,190591.58567048248
2023,143778.5338167014
2024,268273.2968083635
2025,328868.4037601292
2026,197066.6930037236
2027,166453.67659705933
2028,146577.1409088838
2029,168700.78334284652
2030,259463.34459979564
2031,233657.04354043765
2032,262656.423975933
2033,256600.7236486188
2034,171225.53913334644
2035,231497.4149641798
2036,193978.331632219
2037,227137.01549532602
2038,310091.8426452002
2039,239570.72155394347
2040,304698.82302905887
2041,295425.8201274908
2042,212904.72020216123
2043,169654.96330260925
2044,165238.75328585607
2045,206002.27475355647
2046,174155.52144391206
2047,134285.03701151835
2048,141114.1334670796
2049,142465.16532112577
2050,165899.497700458
2051,97404.44564831426
2052,119276.24901755316
2053,144303.0322351012
2054,95269.41586211963
2055,148608.38686288727
2056,147789.71982336073
2057,111999.43706565766
2058,207793.1704750867
2059,131976.62681566857
2060,151681.8805013092
2061,153154.9086555981
2062,124350.50052087956
2063,128236.06361804702
2064,143075.57785134081
2065,107955.40095207636
2066,164952.6696561555
2067,122234.08014372508
2068,145656.19794236752
2069,78477.66964816234
2070,110050.45388329605
2071,94176.94675844876
2072,134718.1521031123
2073,137434.7153279493
2074,186966.77395994985
2075,145955.22063870108
2076,126451.57917430357
2077,158081.3734646098
2078,130898.28139184618
2079,137603.17536258654
2080,115371.28560393695
2081,129062.64568821667
2082,109991.89756982174
2083,156170.6748879894
2084,118445.36777865207
2085,117206.55886873617
2086,103319.80246152544
2087,118387.25034118207
2088,87209.06925352899
2089,86688.2872368372
2090,134267.06260153267
2091,109832.25073897614
2092,131191.14848270387
2093,100786.3536767055
2094,100783.91439231463
2095,149082.73547897878
2096,84101.0782721109
2097,102117.14482594273
2098,147280.10757907806
2099,64874.45484619369
2100,105943.45542102456
2101,105731.73008293829
2102,123126.7366147688
2103,108907.4174564725
2104,131849.93168594842
2105,131594.8038745598
2106,92169.32600697136
2107,189458.65129197208
2108,113962.12605343263
2109,110043.30319609282
2110,101739.55290680342
2111,112477.30804954552
2112,142316.13351858783
2113,127753.14684976333
2114,115329.92643987622
2115,170761.41789587104
2116,109875.52726916484
2117,150923.13562978795
2118,121678.47444221789
2119,109869.4279173203
2120,114938.49088913017
2121,92177.36787993887
2122,123900.11202000556
2123,83594.18750636409
2124,180148.63777571367
2125,121467.9805629985
2126,161221.4009714519
2127,174206.36283154564
2128,115713.92942363396
2129,81775.72948568848
2130,142083.40312943736
2131,152054.18365473897
2132,105201.34308720355
2133,121045.32969896091
2134,125973.10491705925
2135,109749.38294569848
2136,72290.52218016454
2137,101216.37673226207
2138,122260.5328794174
2139,143858.99190075006
2140,131799.02863703022
2141,160005.13699475717
2142,134194.58810922658
2143,144484.1194016835
2144,126025.68219997534
2145,135935.6454361499
2146,171695.05522504397
2147,164682.9507183769
2148,136329.09805895068
2149,130603.8496181992
2150,243851.91209073472
2151,125490.91578572358
2152,145199.71906338562
2153,147699.9814859401
2154,97375.3019058901
2155,132455.49820767026
2156,221264.80511184933
2157,223615.53657355133
2158,259169.7599017499
2159,228680.77280913157
2160,179472.2946072692
2161,232074.98183539117
2162,343032.5033845654
2163,323702.62291685434
2164,254378.87604384977
2165,212083.28475530984
2166,166483.42030112346
2167,219275.12215328176
2168,191304.16501991352
2169,199946.7961550173
2170,202489.8579835441
2171,151611.93126803468
2172,144188.377569799
2173,185782.68123835395
2174,218421.7701228065
2175,272859.8324684998
2176,311396.582722568
2177,241640.01737326034
2178,203903.06871213703
2179,138687.40828572906
2180,189594.99357842733
2181,201585.51619686556
2182,234712.75533286433
2183,200141.51010573847
2184,110001.33830026122
2185,122568.67904748276
2186,132902.31808827005
2187,154784.70379239784
2188,163846.28977120016
2189,285602.08666037617
2190,76845.75478874236
2191,72140.82748295392
2192,95511.65771019134
2193,118080.33834125809
2194,103650.75623219264
2195,105169.13258991714
2196,105620.6090293747
2197,109100.38605655188
2198,144249.52319896364
2199,198060.89106287304
2200,136465.84143429314
2201,147528.09918904712
2202,222831.5826580343
2203,143436.0037472324
2204,192985.66564670627
2205,124279.58304544992
2206,134444.19181058448
2207,223774.12340952514
2208,265297.7901578883
2209,262432.02215855103
2210,121567.67271518691
2211,114721.88648999204
2212,125519.9330646751
2213,110883.73773415739
2214,137114.5993921151
2215,104943.55406353352
2216,148736.47459073277
2217,46694.44193177661
2218,65664.35205859292
2219,64038.964185280434
2220,64033.93682098312
2221,288412.30907926726
2222,276219.60015769344
2223,275083.47542128677
2224,204399.16794682134
2225,125942.6536611275
2226,164066.7333606959
2227,198273.19591979196
2228,275924.8899453749
2229,236641.65301035537
2230,162185.53785468335
2231,212884.05331755625
2232,177865.82429746844
2233,182948.81451633156
2234,244806.2423241238
2235,217544.13810994907
2236,243494.71208885242
2237,300177.30114027264
2238,199801.20210860117
2239,84910.69979840644
2240,153365.1024932742
2241,136926.7060447545
2242,119112.9912032784
2243,119696.79956453189
2244,103475.70563418492
2245,98828.0471732572
2246,139135.06155633327
2247,107965.04090524909
2248,130893.80199098193
2249,128245.35046131408
2250,135326.52044395954
2251,175518.30605716544
2252,178058.64374594286
2253,173330.42832330475
2254,187600.72710427342
2255,176136.20648526555
2256,174768.82165802465
2257,217887.09813300334
2258,164104.8714941371
2259,174181.4106244975
2260,133964.15943854494
2261,215321.74968610547
2262,231004.45638603382
2263,406884.55728559854
2264,492303.35350442707
2265,146249.84495575938
2266,318543.0934508921
2267,349444.9334880194
2268,405016.72010986635
2269,146508.18040152744
2270,199646.38684342863
2271,204092.98801772762
2272,197212.95405086962
2273,158496.38874224195
2274,176521.82693078055
2275,144865.7355645
2276,194364.71019676374
2277,175095.8532042735
2278,152744.78558642897
2279,139916.8815408198
2280,113166.096444571
2281,163672.730095868
2282,174924.00756916823
2283,109402.69934792667
2284,114546.29896967209
2285,145778.37943774092
2286,121929.39827619515
2287,363234.86881992896
2288,296016.83110834553
2289,357684.63466814166
2290,433189.65000684524
2291,355728.8701292949
2292,421749.88281097286
2293,450422.592521452
2294,416626.67251888115
2295,478920.0300656729
2296,250692.48937342307
2297,357640.5110717608
2298,375871.9556820212
2299,365944.0339541332
2300,331893.2105248218
2301,342819.9785080185
2302,260652.59438529494
2303,255958.4446891849
2304,245431.3582601509
2305,203463.9726187339
2306,198817.71947093387
2307,209782.36686609781
2308,249514.57141304642
2309,279909.30906123365
2310,235406.6244376775
2311,208315.74807798228
2312,168733.34559606065
2313,177803.43959450154
2314,170934.3768013588
2315,178781.02935690255
2316,192789.10129835943
2317,187919.66605392072
2318,175359.3338918608
2319,181634.5931184131
2320,189131.8639311377
2321,232939.37812734596
2322,187457.3938837313
2323,192744.25571912047
2324,196060.99679803333
2325,211829.7203921628
2326,191408.28727803982
2327,203433.88348518024
2328,218280.49483252253
2329,195256.79946604793
2330,178156.85880601566
2331,329476.2979744908
2332,426491.18394383875
2333,322563.4572314652
2334,267980.0146176348
2335,296270.32765078166
2336,313858.46914127615
2337,187509.03957506295
2338,238747.5599850805
2339,228365.9027540929
2340,345989.42236033373
2341,215308.65856020313
2342,231597.22474358528
2343,228776.67650709968
2344,212310.6884809113
2345,218609.04912786328
2346,227777.09941071138
2347,199881.8160876284
2348,246048.2646235243
2349,173678.9752756546
2350,302952.6654277103
2351,251137.9881208865
2352,248348.94584892024
2353,258378.52127251943
2354,141463.17798825804
2355,147137.76531643627
2356,145438.65211914785
2357,191151.13974871786
2358,202546.3781836071
2359,124964.16280027945
2360,114376.43297382291
2361,145886.85203349317
2362,237528.39430384393
2363,141533.86399120637
2364,155698.44415501514
2365,210752.20784305094
2366,202148.38456971693
2367,227602.0862068155
2368,226746.23312970233
2369,221884.16141681164
2370,175710.8806770728
2371,167023.62356773065
2372,198718.74765097958
2373,282667.2993490664
2374,303931.50700661895
2375,234729.2042904563
2376,307912.3638614529
2377,314342.45849253226
2378,163998.76091746744
2379,199135.2183615053
2380,139806.55696027112
2381,151169.15791759643
2382,199236.83607318
2383,194165.4224787139
2384,223726.38134683628
2385,163086.3377086811
2386,129774.86468711424
2387,132788.66019301937
2388,100655.66531565589
2389,132498.61261625317
2390,160722.60172158992
2391,152715.15467482113
2392,121021.70054716643
2393,181795.23632906153
2394,148358.15684036922
2395,214177.7624459277
2396,149245.0457796696
2397,209535.15111885162
2398,119748.76441760414
2399,62910.690275611
2400,77622.36873649007
2401,123583.83906555695
2402,128930.52178205088
2403,152009.09778761683
2404,159841.70157952665
2405,144163.57732614706
2406,139778.8722958342
2407,121106.349202859
2408,130375.2940680105
2409,116093.5973850105
2410,171370.79938211595
2411,117156.8660654046
2412,154589.76958840215
2413,128031.2859539745
2414,181777.25093127345
2415,137700.59244028584
2416,132807.32098417764
2417,149381.4359221319
2418,138177.4728980748
2419,124589.43844377024
2420,126518.20307183161
2421,143147.6604549274
2422,105077.06324122091
2423,111416.09157713767
2424,142747.80709278022
2425,202825.68399844895
2426,136566.97571260916
2427,128383.67528421972
2428,172155.25207700094
2429,118070.11479600033
2430,131578.42362844825
2431,111096.49580223199
2432,157269.1421179367
2433,149459.72790041825
2434,143996.84890539022
2435,149782.36753939805
2436,110506.46543529764
2437,109446.08052975302
2438,118307.06700166974
2439,93115.85514078896
2440,129727.32263261906
2441,84392.73040368449
2442,94615.71456215937
2443,117680.07797131912
2444,122086.00936499557
2445,92519.46977828447
2446,135929.92368495866
2447,175664.14344255085
2448,131121.80392673952
2449,123689.60187203373
2450,150467.84099225403
2451,118699.29302777938
2452,210153.23107759838
2453,89422.4667957236
2454,111980.804196091
2455,112255.07132652598
2456,122964.75581409666
2457,143348.44594795245
2458,155579.1137178845
2459,109259.71691714445
2460,142372.4989395249
2461,131697.81832584916
2462,128787.23992378026
2463,135456.23920296112
2464,174131.75200089175
2465,135489.3142270021
2466,128634.66214513818
2467,133104.6072231927
2468,89674.79192051126
2469,85903.12154015052
2470,192765.39666517582
2471,210563.85093866955
2472,156300.0266346013
2473,135008.3811501364
2474,97696.49291567186
2475,188657.31374635798
2476,117639.17378671425
2477,122224.07515627475
2478,147787.5043746283
2479,98260.15511324076
2480,144074.94522993354
2481,119107.80078518254
2482,126826.17693110333
2483,115563.55610143236
2484,118182.28903178638
2485,132572.8156100314
2486,155928.93485965108
2487,167763.03755848185
2488,170483.63700164176
2489,156573.47006923947
2490,146254.43267733403
2491,84331.09814672617
2492,208603.35862229124
2493,166506.864238886
2494,155671.4862717439
2495,89386.23346029743
2496,249319.73002982792
2497,145256.20069592504
2498,121821.02986221504
2499,77440.4846425942
2500,135567.6231138329
2501,135539.63991365742
2502,126905.86900159977
2503,81193.65994355775
2504,164123.67449190802
2505,234583.6923163347
2506,240765.1893161666
2507,267449.9782328449
2508,240337.89162393817
2509,225193.99631163658
2510,224844.957877342
2511,176239.09891275002
2512,202925.27191819396
2513,213451.30354782054
2514,241741.0215745864
2515,157320.91369850244
2516,180563.72383739022
2517,151449.65094275476
2518,160680.24855560082
2519,253992.22623914652
2520,227743.762322365
2521,183374.77393149014
2522,219359.42785172173
2523,115302.9653947133
2524,149783.05012704144
2525,146404.45576203146
2526,159037.30451727408
2527,129009.09090658196
2528,151108.8791642149
2529,157293.88283511336
2530,136517.90721681272
2531,236957.11305316002
2532,219984.70485484778
2533,188331.41979670862
2534,239374.46849631888
2535,269947.63373000873
2536,219269.24489447402
2537,252373.30762694738
2538,180136.52615992352
2539,183633.27383991922
2540,184484.18585837272
2541,183195.64842007332
2542,164684.59223744425
2543,114094.81759935021
2544,124295.86966015185
2545,129186.39821150745
2546,129635.28389962603
2547,130537.55044593204
2548,157345.44213824123
2549,149607.3625247585
2550,692997.657328338
2551,141180.64770096142
2552,129056.34856976348
2553,63345.413839101
2554,91502.57368694665
2555,102005.26213698291
2556,105100.76738684905
2557,111278.8626066152
2558,166759.01334958774
2559,132815.6556810745
2560,170615.68367164867
2561,164932.01170803746
2562,152881.75417664263
2563,156399.00689628418
2564,236766.02503974573
2565,137896.65278004867
2566,171895.3241669351
2567,139946.74805987158
2568,196362.2419825026
2569,256356.71200291027
2570,116126.77245885057
2571,186416.89043396403
2572,136121.36431176015
2573,214859.2831640477
2574,309661.2583197659
2575,147212.64912288566
2576,98554.00569219951
2577,165004.08292307437
2578,83500.94219959824
2579,73930.99594821816
2580,70798.64907255804
2581,87890.0791660475
2582,82317.92361067692
2583,253752.70799382473
2584,145751.79617782368
2585,193741.8357837181
2586,205150.7527214068
2587,190805.65985608983
2588,112954.81721537569
2589,142825.0361114992
2590,201162.11012361594
2591,217504.85166068055
2592,204629.37841375073
2593,257200.56964845973
2594,195055.13744718762
2595,212851.75094884404
2596,269757.8245324725
2597,198973.5507220435
2598,291122.9836251416
2599,304953.4826724528
2600,113495.36567934747
2601,127107.73331739298
2602,83977.33419600583
2603,87511.18360955996
2604,88207.23788606924
2605,74809.45076322081
2606,141876.06731419894
2607,194872.02702128593
2608,187551.30773212132
2609,164465.3988082133
2610,112550.40919917554
2611,122144.51318770276
2612,154476.01243364898
2613,126929.76365159228
2614,126550.10383352518
2615,150294.49843074736
2616,139011.52619430757
2617,182279.071938686
2618,190156.4173697477
2619,192528.18059800583
2620,184715.4922400394
2621,173707.8188512278
2622,171335.4328997471
2623,237677.98453281782
2624,287151.6437495245
2625,259071.46511811085
2626,180484.4563426786
2627,175697.65114708926
2628,580558.9458359517
2629,585501.7753489121
2630,440345.70087308093
2631,476769.39500505896
2632,441553.4814714162
2633,310578.67588968814
2634,418226.9640208603
2635,146114.61526214084
2636,179785.72953092575
2637,168172.36235417688
2638,261216.39502599032
2639,193796.66040220376
2640,149340.18216702392
2641,113354.08648841498
2642,168114.4798255097
2643,109036.45939692597
2644,124726.71278808967
2645,114202.42692526651
2646,100135.96633281569
2647,104201.40181407153
2648,134288.36907455896
2649,160747.17285361447
2650,133342.1098504914
2651,147459.56662565278
2652,421247.7681343872
2653,262922.531982936
2654,273981.5061641952
2655,382120.07660946634
2656,333963.2463607082
2657,334113.1266336387
2658,319484.84782342316
2659,330990.5426333405
2660,380476.6011416665
2661,329705.28772031114
2662,360143.4601745205
2663,292390.56571467884
2664,280607.2026987373
2665,342471.0695908432
2666,272228.90325109434
2667,182190.6871569201
2668,184619.08178705472
2669,173792.44444835943
2670,262448.601219865
2671,180189.77610190815
2672,192369.62609182287
2673,189454.5398550052
2674,185132.10003030073
2675,185277.59403171256
2676,191654.0318513654
2677,202604.56035791666
2678,225590.84442516582
2679,275978.72398610204
2680,300946.57215220877
2681,422221.37261367537
2682,329294.47366550926
2683,526938.9558945401
2684,333119.54531927506
2685,312677.0563397618
2686,236184.80763934777
2687,310752.78197905427
2688,206105.9216576893
2689,221095.80461458693
2690,394091.378806193
2691,193868.5419460657
2692,150922.891537138
2693,196813.39002863792
2694,129474.79788989096
2695,192179.08521243336
2696,183808.05114358081
2697,179463.71224437444
2698,180643.20250892307
2699,168042.019184895
2700,161843.81636820707
2701,152610.14128677722
2702,110460.41943658724
2703,114698.72799015592
2704,147175.10536975457
2705,117306.5832480045
2706,114842.21512425986
2707,115911.40756620855
2708,136226.66364762958
2709,103689.46876792928
2710,129693.16978812276
2711,264150.96163333056
2712,393552.8079162259
2713,185730.36571244895
2714,156314.08402293522
2715,165016.91582809872
2716,142351.2117255005
2717,189207.7788322324
2718,236659.6206652141
2719,144091.82644781435
2720,170554.63407455303
2721,132249.38253949824
2722,142361.77345794812
2723,140811.8503470463
2724,126047.0776533517
2725,123491.7542718352
2726,139963.93664243718
2727,198194.71954737397
2728,187310.54280219437
2729,143079.52558212107
2730,142110.3657778354
2731,120660.42741655343
2732,137059.0584773465
2733,154448.19045807872
2734,130588.39493610973
2735,132694.18204077898
2736,139891.97181162343
2737,125178.588883409
2738,137035.7902167264
2739,145767.27599258718
2740,140775.4453505196
2741,155890.51695912876
2742,172139.766852241
2743,143390.79429235487
2744,152565.7846166317
2745,140549.03908974584
2746,140616.91613154532
2747,161442.8441094595
2748,142577.17996496672
2749,123523.03352991791
2750,117914.9040972593
2751,128733.8173027936
2752,159939.8902707676
2753,143354.97970644763
2754,202526.39898496887
2755,146340.6793938293
2756,91653.29795792753
2757,61795.64354807987
2758,96814.9780495219
2759,184422.31094932556
2760,128742.18040705466
2761,131914.45554090326
2762,135621.57463021873
2763,187520.96027861536
2764,141755.7733418453
2765,253113.9016976451
2766,106356.13476278538
2767,93010.63214626959
2768,124759.31359047414
2769,137011.41770703325
2770,133063.8682582449
2771,112221.14808072658
2772,107344.63299980141
2773,182202.90275192578
2774,135231.69827606392
2775,107954.85791851151
2776,144122.9423277873
2777,157111.81356425202
2778,99694.91335512676
2779,119035.15929926399
2780,90291.59094138425
2781,89633.0549145367
2782,102942.4597767401
2783,99805.21298827248
2784,140556.53421255504
2785,146280.7028404795
2786,68476.91357925367
2787,125741.29941456247
2788,78048.41295092678
2789,174880.04224830013
2790,97833.02262299113
2791,112777.4581057003
2792,54469.659903458596
2793,104775.79573576005
2794,96848.14272870676
2795,122275.90645971069
2796,99946.56285566265
2797,154740.9598262671
2798,96979.01720530778
2799,106542.38580693236
2800,71660.95004702639
2801,106823.04010955685
2802,115811.22306573325
2803,145432.86970133634
2804,132416.7340106157
2805,88754.17758094793
2806,77689.65862727755
2807,200043.84277294544
2808,149953.49204249383
2809,130605.31780472054
2810,127573.56726268347
2811,158160.85509509133
2812,159409.52068617157
2813,161160.17151736797
2814,169025.73578918778
2815,96430.11407231758
2816,234007.832925062
2817,175888.18893383525
2818,134896.74210589367
2819,183375.31386459785
2820,144042.03903060034
2821,110427.52732129201
2822,166152.9409069678
2823,340397.3085126823
2824,164823.44434982445
2825,132210.7079176271
2826,131415.27573207012
2827,128745.05653245826
2828,209159.9110464855
2829,194864.48924673116
2830,202871.44167224737
2831,178967.90308121732
2832,226574.1686099998
2833,306365.4133091734
2834,211763.4636052891
2835,235897.46534780666
2836,183891.50174485357
2837,144440.79842629572
2838,159046.28805733594
2839,173952.6123922861
2840,204109.15305945525
2841,201331.1681302025
2842,223362.52009095417
2843,149664.78150350368
2844,172956.41731562134
2845,135983.337273293
2846,203024.0979691099
2847,223019.3997427888
2848,207217.6079342193
2849,193847.2380287597
2850,272627.4856261675
2851,201465.8684522062
2852,240965.41411667285
2853,232541.9817058313
2854,143936.18764273974
2855,199205.44872461006
2856,193221.36086882482
2857,184533.34477837372
2858,193858.20373169507
2859,113941.29863340582
2860,122090.20693068633
2861,112018.14860862799
2862,170110.8659399995
2863,127228.64053488076
2864,252197.87129724113
2865,140317.05384458293
2866,133495.67205794214
2867,110472.49923072848
2868,92305.05640351027
2869,105854.93498991692
2870,114647.5546305594
2871,86204.98714923795
2872,61771.753325617654
2873,103074.19613733016
2874,127449.36864063765
2875,112214.52563965939
2876,156586.6964960687
2877,154105.85149869547
2878,161136.22987741025
2879,119237.59435603982
2880,106771.77464555047
2881,159166.61109040838
2882,180055.32749631672
2883,204120.77687168113
2884,190224.28875675407
2885,192606.22431185874
2886,217124.17596796696
2887,97757.44315505623
2888,151386.00214165414
2889,70682.99914476156
2890,85656.22005308514
2891,135106.38190264907
2892,37402.33956822052
2893,57469.740146657474
2894,44942.14697749708
2895,307116.9126899503
2896,270167.23433992907
2897,216195.21188897095
2898,134579.97219079893
2899,205301.99874807923
2900,154317.83437208313
2901,212182.4432991201
2902,171392.86623174747
2903,309028.32482944755
2904,323323.7421022842
2905,68734.56877204735
2906,195003.56919995887
2907,105663.95232584908
2908,136861.84726815115
2909,140125.62463819102
2910,80727.7047777614
2911,86922.04558964781
2912,147496.30325925307
2913,78923.02629188815
2914,74584.4077837521
2915,80770.31655635894
2916,82250.21814120184
2917,148789.94534914364
2918,111328.35821129922
2919,219210.1789949304
